445,1
445,44
690,4
219,1
180,1
254,1
160,2
180,1
254,4
690,2
478,4
180,4
478,32
219,6
2,14
636,1
639,20
636,18
65,6
35,6
254,20
542,4
358,8
690,14
8,34
445,1
445,6
441,2
208,16
240,4
358,2
608,12
176,2
542,4
639,14
119,4
441,2
358,6
441,8
419,10
478,2
636,8
542,4
119,10
697,2
208,1
180,6
227,1
219,6
690,1
542,1
478,4
227,6
690,8
129,22
358,6
608,2
283,8
639,2
239,4
441,14
208,8
313,2
608,20
637,6
227,1
227,10
613,1
613,4
180,12
478,6
542,10
219,2
697,8
210,6
301,6
283,4
119,1
445,4
358,12
119,10
208,36
470,8
496,6
159,20
283,4
227,2
219,6
176,1
301,12
636,1
608,25
180,1
176,6
445,14
129,4
477,4
283,2
478,14
542,2
690,16
496,16
65,6
420,6
358,1
283,10
2,6
180,50
227,2
613,2
150,12
227,4
210,10
358,6
61,30
637,6
2,1
35,1
119,10
283,1
2,10
470,6
478,2
636,2
542,2
496,20
451,16
65,10
38,8
506,40
210,12
219,2
477,2
227,12
358,14
637,12
470,4
283,4
478,10
69,1
69,10
150,6
2,6
17,2
17,1
339,2
367,1
82,6
441,4
65,1
208,4
150,1
478,1
367,22
65,2
639,4
274,12
363,6
339,8
227,8
542,10
2,1
254,2
358,8
126,4
159,4
82,4
2,18
690,10
220,2
150,10
613,6
61,50
470,44
119,6
208,2
69,2
312,10
227,2
561,4
35,4
254,8
210,4
208,4
176,6
478,10
639,8
542,6
183,1
220,18
451,12
82,4
183,1
227,16
496,6
155,8
561,2
637,18
283,4
180,8
208,2
335,10
301,10
367,2
312,4
549,6
35,18
210,4
358,6
119,6
509,10
82,44
367,2
246,4
311,4
21,19
312,10
2,2
420,12
229,1
100,50
180,6
210,110
119,4
451,2
34,2
150,32
549,10
219,4
311,2
367,2
64,2
220,40
69,4
159,4
561,6
322,4
283,20
208,18
129,4
38,18
36,2
148,8
636,8
542,2
119,8
569,2
229,28
266,22
367,4
637,14
639,4
613,16
519,12
311,12
34,8
363,6
36,4
180,2
129,16
35,10
312,2
10,16
159,10
23,8
21,24
2,16
34,1
477,2
419,2
496,18
201,6
470,2
34,6
477,6
358,4
38,14
363,4
36,6
159,18
561,6
180,20
148,12
636,8
227,12
169,1
160,2
208,38
129,2
34,1
169,92
311,10
10,2
119,1
129,1
420,2
119,12
10,7
196,2
367,16
56,8
30,2
2,16
636,6
61,8
561,2
358,2
129,2
38,3
201,4
134,6
150,2
227,2
82,8
163,20
30,2
283,5
35,4
10,2
220,12
196,4
311,2
219,8
150,2
8,2
227,14
201,6
159,46
134,4
283,2
311,6
23,10
8,2
35,6
180,14
239,2
182,12
68,4
219,6
56,4
36,22
254,2
292,6
68,1
254,1
311,2
310,6
367,2
82,2
30,8
283,2
2,2
10,1
358,16
274,1
220,10
363,8
56,6
64,4
254,8
311,1
274,6
134,2
82,14
129,1
292,7
219,74
311,4
312,4
9,4
119,2
335,6
134,6
23,10
280,4
283,1
254,26
227,1
129,2
312,3
341,4
283,16
97,6
227,10
163,4
2,4
35,4
220,4
56,12
292,2
65,10
180,14
10,22
155,6
64,2
36,4
274,4
106,12
91,1
30,2
38,2
91,10
292,2
229,2
134,6
36,14
30,4
8,4
35,2
126,2
280,1
64,14
9,8
266,4
280,8
237,16
150,4
358,4
159,1
292,2
68,2
100,2
159,2
134,4
367,4
21,8
92,13
65,4
35,28
148,16
227,8
239,2
38,6
131,10
176,4
30,2
254,6
286,2
220,6
193,4
85,2
126,6
76,6
30,4
229,4
176,2
82,1
9,2
10,1
358,4
129,6
64,1
43,6
193,8
28,16
56,6
82,4
36,2
2,30
10,2
210,50
155,4
100,10
134,2
97,2
85,6
30,8
9,2
65,12
254,14
158,4
292,2
76,4
92,10
126,6
134,20
82,6
278,4
163,6
237,1
227,1
239,4
363,1
76,19
196,6
115,8
106,6
301,1
237,2
180,10
227,2
129,1
30,1
155,4
193,8
56,4
292,4
68,6
341,4
283,14
8,6
129,2
100,2
237,18
38,4
176,10
82,14
280,10
312,10
36,12
92,2
148,8
239,2
59,16
85,4
278,4
292,2
254,4
92,11
201,4
91,4
68,22
155,2
180,10
239,10
100,2
278,2
30,6
109,4
159,6
91,2
85,4
341,2
9,6
148,10
227,4
280,1
38,2
269,2
129,2
254,1
266,2
115,2
134,14
56,2
278,1
21,2
64,8
312,2
36,2
35,4
97,1
92,9
310,4
193,10
91,14
280,1
341,50
30,12
8,2
254,30
312,1
176,2
158,2
237,14
150,2
159,14
269,8
59,2
292,2
79,8
163,12
35,10
311,18
229,2
56,6
158,6
2,4
180,8
363,24
32,2
45,1
229,1
176,4
301,4
64,2
8,10
92,2
106,6
82,2
76,2
312,4
36,10
109,2
134,4
56,2
21,2
292,2
64,2
150,14
38,12
176,8
322,4
82,10
68,2
76,14
79,8
180,2
61,12
266,2
292,1
163,14
312,2
148,10
226,2
106,8
310,6
32,10
237,8
9,8
180,4
210,6
292,4
64,12
65,8
208,2
220,6
316,4
301,2
226,2
159,2
79,8
283,1
95,6
219,4
109,4
229,2
158,6
280,8
283,2
35,4
316,1
311,2
367,2
85,4
36,2
8,4
358,4
335,6
72,1
97,2
301,8
322,2
45,2
68,4
150,4
17,6
9,10
239,2
129,2
203,2
196,11
266,2
59,26
32,1
82,2
292,10
76,10
30,2
92,3
227,2
134,7
201,2
310,2
97,2
64,4
163,2
239,2
109,2
266,8
339,30
193,12
176,8
280,16
92,14
148,4
159,2
97,12
36,6
180,20
85,4
169,2
100,2
229,2
30,10
196,2
266,1
45,13
82,4
95,2
358,1
100,2
43,4
266,4
17,4
79,8
72,8
34,6
352,2
310,4
176,12
23,26
301,10
76,2
95,6
134,8
85,2
158,2
100,22
269,2
59,4
45,18
312,6
158,2
97,1
176,3
34,2
59,20
280,4
341,2
169,2
301,2
312,4
95,6
208,2
72,2
341,8
169,2
72,2
208,2
341,2
