id,time
445,44
3,4
254,6
180,4
3,14
119,12
639,10
119,4
358,12
240,8
445,6
441,2
119,6
639,2
176,4
441,2
470,1
38,12
325,2
639,14
358,1
470,4
441,4
590,2
119,16
427,12
441,10
214,10
227,12
401,2
3,8
590,2
470,2
180,6
325,6
590,2
401,1
38,42
283,6
639,2
358,4
441,14
427,2
437,2
208,6
542,2
470,2
325,8
283,4
227,2
542,2
569,10
437,4
180,12
227,4
214,2
358,6
357,6
301,6
325,12
119,4
445,4
208,2
165,12
283,4
441,10
159,20
542,6
227,10
3,12
176,8
445,2
401,2
569,2
549,12
358,4
542,16
283,14
325,1
208,4
357,6
312,6
180,50
590,4
265,8
470,22
227,4
214,2
208,6
141,2
301,12
325,26
357,18
445,28
126,14
165,34
254,10
569,2
542,16
312,6
129,10
313,2
506,22
227,14
358,44
401,10
159,24
313,12
427,8
141,4
339,1
357,1
339,2
357,4
569,1
301,2
214,8
208,3
542,13
227,1
301,1
306,4
339,2
82,2
441,6
227,10
3,8
254,1
339,4
401,2
301,2
427,18
549,18
355,12
367,12
265,8
119,6
613,6
313,4
78,10
445,8
569,2
3,8
254,10
325,1
542,2
208,6
141,8
569,6
176,6
441,4
401,22
82,2
165,2
155,8
302,8
367,2
542,6
265,2
283,2
325,2
180,6
208,2
355,12
136,10
126,6
201,6
171,14
301,2
437,20
214,2
3,3
590,4
301,1
3,2
119,4
100,14
367,4
141,8
36,8
301,4
427,22
283,4
214,2
56,6
180,4
227,4
208,22
69,8
78,1
265,2
38,16
176,1
78,10
126,2
154,4
569,4
312,2
283,10
214,8
134,2
62,8
36,4
265,4
639,4
311,4
266,14
56,17
229,2
272,18
134,3
74,4
367,24
569,12
312,3
441,8
254,30
428,10
341,4
229,12
265,16
36,1
136,50
23,10
253,12
227,12
68,14
470,2
165,6
549,2
267,4
427,8
180,2
613,4
313,8
401,6
519,4
214,12
78,2
36,8
325,2
180,4
442,8
186,2
56,18
62,2
165,14
201,6
253,18
569,6
176,6
160,1
154,20
62,2
160,2
74,16
150,10
208,34
129,6
335,16
401,8
36,2
519,2
180,2
227,10
5,1
126,2
229,12
176,14
214,7
141,50
134,14
78,6
5,6
357,36
165,2
358,14
150,1
283,7
82,6
159,4
62,36
165,4
367,6
36,2
227,12
302,4
186,4
5,6
253,46
38,1
3,6
36,1
283,1
74,8
38,2
56,2
36,1
176,4
229,3
134,2
23,4
82,6
214,4
5,2
150,20
38,12
165,2
180,2
100,2
201,6
367,2
56,2
176,14
312,6
310,4
358,2
74,10
78,1
23,2
229,6
283,1
214,2
82,1
254,3
69,12
163,16
378,4
5,6
367,18
56,6
3,2
358,12
129,4
283,4
214,34
44,6
23,2
292,6
3,6
78,20
191,8
201,4
267,16
250,4
272,6
38,6
193,4
186,16
5,2
180,6
227,3
129,2
108,1
341,2
171,1
335,1
201,1
312,1
358,1
5,10
165,6
283,12
227,14
254,18
129,1
341,1
136,2
23,1
126,2
23,2
272,2
180,2
182,2
163,32
357,8
367,8
56,16
278,22
36,6
176,14
325,8
3,12
74,2
272,4
351,1
106,12
201,6
292,1
91,14
74,3
134,8
126,2
38,18
30,10
229,3
312,2
172,4
5,16
267,4
283,12
358,1
266,1
82,6
229,4
171,12
237,16
165,4
358,4
68,2
186,4
253,4
292,2
180,2
306,2
100,2
134,6
78,2
367,10
267,1
310,12
227,6
351,6
357,4
141,2
36,18
176,6
165,2
3,2
254,4
266,2
82,10
265,18
274,14
133,4
186,4
267,4
272,2
325,6
214,8
358,11
357,2
278,10
254,4
106,4
134,2
131,1
28,14
126,6
201,4
56,32
272,4
176,4
129,14
267,1
74,2
131,4
301,6
38,2
227,6
133,2
5,8
292,2
267,2
3,2
208,1
214,17
136,8
134,2
186,1
272,12
38,4
126,9
74,1
244,8
357,1
292,2
237,38
358,2
134,1
301,1
115,8
141,6
278,12
229,6
119,4
302,8
201,10
253,2
91,10
176,14
301,2
267,2
171,1
265,30
28,1
134,4
59,2
78,4
154,2
367,2
171,26
312,2
165,12
283,10
325,10
244,14
172,6
292,2
267,2
254,4
136,8
180,4
355,4
193,2
126,6
378,2
134,2
154,6
301,1
312,2
214,8
115,2
302,12
313,6
193,2
78,1
23,8
301,2
180,10
227,2
254,2
134,1
266,2
163,4
78,8
201,32
367,2
62,12
272,2
36,2
150,6
38,8
68,20
44,20
341,6
229,4
165,1
136,10
59,2
176,2
208,2
311,2
313,2
244,8
172,10
175,1
126,8
45,6
186,1
134,2
175,6
91,6
278,50
283,4
325,6
186,4
272,6
165,6
292,4
310,4
3,2
163,2
367,1
141,2
62,12
36,2
180,1
171,23
325,15
182,2
106,4
134,4
186,8
367,12
267,4
176,10
312,2
214,2
129,2
313,2
322,4
36,18
265,20
150,2
283,2
74,14
172,2
229,2
312,2
214,2
106,8
313,2
292,6
45,6
237,2
150,8
283,6
180,4
68,8
339,6
272,2
9,6
210,6
313,2
56,2
92,1
365,2
131,10
62,14
272,4
310,2
254,2
208,2
191,2
378,2
367,4
45,2
229,2
237,1
283,12
365,2
136,6
5,10
310,2
335,6
172,6
292,4
150,1
180,2
227,4
59,20
339,2
78,8
301,6
150,2
9,8
129,2
68,2
74,12
367,10
45,2
165,2
244,2
186,2
23,8
292,8
141,2
176,2
159,10
163,2
201,4
154,6
272,2
214,14
3,8
283,6
136,8
193,12
365,2
339,6
322,4
141,4
133,12
186,2
292,8
82,6
165,2
100,2
23,2
341,6
301,4
355,2
163,2
176,2
180,5
196,3
339,2
186,2
154,8
240,2
165,4
325,10
274,8
244,1
163,8
59,10
301,2
312,2
250,4
74,11
159,1
244,2
23,6
265,6
180,6
182,2
133,12
176,2
312,8
355,4
339,6
186,18
165,18
310,16
141,2
59,4
176,6
301,2
341,2
355,2
141,2
59,14
45,10
325,6
163,2
id,time
