214,42
549,22
690,6
3,6
219,2
119,4
613,1
150,6
43,2
613,2
219,16
478,4
690,2
74,4
13,8
3,12
119,10
549,16
478,8
312,10
617,2
636,15
639,12
165,4
254,14
74,4
358,10
617,4
119,2
500,8
651,2
299,2
478,4
542,2
219,12
8,24
549,4
522,4
208,12
545,6
119,4
176,2
240,4
478,2
637,18
542,4
283,2
608,8
358,2
154,4
694,22
690,1
10,1
569,4
478,2
639,8
119,8
690,8
419,10
704,16
500,6
545,8
636,6
13,2
214,6
522,3
451,4
401,2
240,2
423,4
542,2
10,16
590,2
208,1
299,2
569,2
74,4
3,4
219,5
522,6
690,6
129,14
227,4
312,4
478,2
208,4
617,6
590,2
608,26
470,4
451,4
214,6
239,2
545,6
639,1
296,4
313,2
569,6
358,6
265,4
419,2
427,2
120,4
227,6
561,4
637,2
3,2
74,6
478,4
423,2
704,4
545,3
437,2
299,6
176,8
401,4
694,2
214,2
542,6
219,2
522,12
613,2
419,2
246,2
496,4
451,8
357,4
312,2
265,12
561,6
477,2
423,12
119,1
704,1
358,2
274,2
549,2
545,2
119,6
32,3
509,2
569,30
227,14
74,6
401,2
694,6
10,6
90,10
129,4
358,4
549,6
3,4
690,2
401,2
32,22
154,2
477,4
637,2
639,1
542,1
690,1
500,2
263,8
299,2
357,4
312,4
561,2
478,6
274,2
639,4
545,2
150,2
219,4
704,6
590,2
250,8
203,10
246,8
509,8
306,14
120,6
313,4
451,2
13,2
208,1
445,24
613,2
214,1
590,1
283,4
358,4
240,2
175,2
274,2
694,18
423,6
208,12
591,10
690,4
78,2
357,12
137,1
38,2
82,6
74,4
176,26
137,4
617,6
545,2
119,6
2,4
608,2
478,1
637,2
250,1
100,1
274,1
38,6
437,10
246,8
129,6
459,1
13,4
312,4
478,4
554,2
545,4
219,2
704,18
401,1
509,2
227,8
459,2
639,12
159,4
367,6
74,2
401,8
265,6
69,8
561,2
137,2
477,2
274,2
203,4
78,12
459,4
428,4
175,4
355,4
170,8
310,2
137,10
47,8
10,2
246,1
506,2
306,2
82,2
5,4
357,2
478,4
274,16
423,24
208,2
214,16
150,2
522,4
437,2
313,2
227,2
74,2
459,4
365,4
335,4
265,2
321,12
542,6
3,4
10,8
506,2
126,2
82,2
99,4
13,14
358,4
220,2
69,6
637,4
311,6
549,1
617,1
43,8
690,1
306,2
159,6
1,16
134,8
265,4
477,36
171,8
549,4
591,6
150,6
119,4
613,2
608,6
90,2
227,2
302,10
312,10
36,1
256,4
445,4
522,2
613,1
437,10
246,2
254,2
99,2
61,12
175,1
183,4
478,6
137,4
88,6
208,2
542,4
3,4
10,1
313,2
74,3
459,2
220,10
175,4
100,2
637,2
617,6
82,2
90,2
569,4
170,2
64,8
561,2
125,2
155,6
177,6
30,2
208,6
43,1
590,4
176,1
246,56
313,2
367,2
74,4
335,6
62,1
134,10
401,6
321,2
355,2
637,8
119,2
10,2
613,20
419,8
30,1
697,2
90,2
170,4
5,4
62,8
428,4
341,8
175,1
137,6
100,6
125,4
229,2
311,2
639,4
10,3
313,2
569,8
176,6
694,2
36,6
355,2
549,4
119,2
459,2
13,4
23,4
175,2
274,4
177,6
57,2
208,8
321,2
617,6
150,6
220,27
163,10
159,2
129,2
74,4
302,2
61,14
201,4
32,2
154,14
561,10
125,2
694,2
47,2
82,2
636,4
136,4
227,4
335,6
5,17
428,2
64,4
357,2
69,8
155,8
229,4
30,4
423,1
182,6
637,8
119,4
590,2
310,3
519,6
651,1
129,10
286,2
169,14
302,16
265,12
554,4
321,8
355,1
214,8
34,4
274,3
651,4
253,8
357,8
312,2
137,2
355,6
150,12
263,2
227,2
229,2
30,4
208,14
266,2
38,2
496,2
78,2
636,2
428,10
64,2
68,8
267,2
274,2
36,10
182,6
419,2
519,8
176,14
134,2
88,1
694,2
47,2
229,32
34,2
30,3
3,1
38,12
299,2
56,6
286,2
310,10
335,2
62,2
21,2
214,6
253,12
91,8
61,10
64,4
267,14
137,4
160,2
119,2
10,2
129,8
286,6
136,14
183,30
265,4
561,6
135,2
125,2
47,2
30,2
266,8
182,2
311,6
13,17
442,2
196,2
335,12
23,1
88,8
155,8
227,1
214,1
313,4
78,2
90,4
23,4
99,10
302,4
401,2
201,4
357,28
312,2
69,4
135,20
378,2
168,4
182,4
150,2
10,2
296,2
120,4
636,1
227,4
186,6
154,6
137,6
47,8
171,12
208,2
321,2
214,2
220,9
299,2
114,8
170,2
176,4
5,4
57,2
30,2
150,2
119,4
219,6
313,4
253,18
61,2
341,10
312,4
88,2
36,4
177,4
266,6
182,4
2,2
120,3
78,8
286,10
302,8
201,12
69,1
97,2
30,2
239,4
3,4
150,4
10,14
136,1
91,2
227,4
69,6
267,2
57,2
208,2
313,4
90,4
1,2
99,22
74,2
186,6
64,4
36,16
177,32
30,2
219,2
109,1
114,8
136,14
13,4
61,6
312,6
267,6
100,2
292,2
47,4
168,2
355,4
214,6
1,1
30,1
109,8
254,4
351,4
56,2
129,2
220,8
97,2
378,4
125,2
208,2
3,2
168,1
263,2
367,10
341,4
69,4
100,2
274,16
256,4
171,8
182,6
311,2
90,14
227,2
310,2
176,2
23,2
5,2
244,4
125,4
172,4
47,10
3,4
43,2
263,2
147,2
299,2
286,2
326,4
134,4
201,6
191,4
64,8
214,14
283,2
198,4
114,8
227,2
170,2
23,4
193,2
135,14
378,2
100,12
280,2
168,2
321,2
266,4
311,4
34,2
109,4
246,60
263,2
120,4
253,14
365,2
358,2
341,2
183,2
312,8
125,4
165,2
163,2
169,14
335,2
334,2
220,4
97,2
88,2
229,2
10,2
201,3
203,2
126,4
56,1
129,8
136,18
176,10
358,2
62,2
175,26
357,6
378,6
68,30
267,2
168,2
30,2
266,6
3,2
335,1
56,10
365,8
133,6
85,5
64,4
155,2
47,2
57,2
182,2
219,2
313,2
78,4
114,46
91,8
62,6
69,8
88,2
292,2
168,6
3,4
120,6
310,4
274,2
155,4
47,20
256,6
208,4
150,2
74,1
171,1
126,4
358,6
201,6
64,4
193,8
197,6
267,4
280,6
172,2
239,2
195,2
237,10
186,4
244,2
378,14
125,4
292,1
171,8
57,1
214,2
150,12
62,1
134,5
203,2
8,12
313,2
78,2
253,2
99,4
272,2
335,2
72,22
302,2
183,16
21,6
100,2
88,2
292,1
57,2
109,10
263,20
367,2
227,2
365,4
220,6
64,2
357,2
154,8
265,1
244,8
135,4
274,12
155,2
168,1
30,2
208,2
321,6
214,6
125,1
57,7
326,2
334,1
186,1
201,2
265,12
36,6
229,2
168,6
182,2
355,2
3,2
74,1
357,1
296,6
351,2
367,2
129,8
227,4
186,6
64,22
193,2
197,4
88,4
155,8
59,1
256,2
43,2
136,4
335,2
176,4
226,10
134,7
133,4
201,2
115,4
16,6
172,3
239,2
219,2
203,6
198,2
313,2
365,2
5,4
302,2
69,4
135,14
137,4
30,2
321,10
3,2
272,4
367,2
56,4
170,4
310,2
154,18
100,2
88,50
172,6
7,6
177,2
168,1
43,2
10,2
365,1
165,4
351,2
237,28
91,1
286,2
136,2
227,2
358,2
133,2
357,2
76,2
193,2
378,8
267,2
292,6
168,8
30,2
266,2
182,6
150,2
99,1
334,1
91,2
196,2
365,2
335,2
302,8
61,4
186,2
134,2
201,8
341,2
244,2
97,8
100,4
274,10
214,10
34,10
90,3
299,2
56,10
326,8
13,12
265,10
21,4
155,2
280,8
59,2
229,4
256,2
239,2
131,14
78,2
159,2
91,2
136,2
44,1
226,2
134,2
244,18
36,6
299,2
74,2
44,4
358,2
133,10
100,8
155,2
239,2
126,2
90,2
351,10
272,4
91,2
365,6
72,4
226,2
134,2
220,2
357,2
197,1
7,2
355,2
135,1
254,2
159,2
1,2
299,2
99,2
74,12
170,8
269,2
193,2
197,4
267,2
125,2
229,2
171,34
30,2
263,1
313,2
91,10
196,2
129,2
326,2
44,2
341,18
175,2
68,10
16,4
274,2
57,2
321,2
182,2
311,6
214,2
43,2
34,1
226,1
85,1
254,8
136,10
176,2
72,4
186,2
312,8
265,10
135,2
378,2
137,8
155,2
36,8
208,2
3,2
34,2
198,2
269,2
62,2
175,4
97,12
21,2
274,2
172,6
150,2
195,4
129,6
358,4
85,2
245,2
193,6
100,4
155,20
7,4
168,6
335,8
62,2
76,4
135,10
280,2
34,16
198,2
141,2
326,8
302,4
226,2
85,4
154,2
378,2
59,2
57,8
30,2
79,4
203,2
254,2
269,2
13,6
134,2
115,2
7,2
229,2
177,2
208,2
182,8
311,2
263,6
198,4
114,20
91,6
322,2
129,10
220,16
154,4
265,16
68,2
274,2
172,12
168,6
30,4
321,2
343,2
363,10
92,4
299,2
237,2
61,16
115,8
292,4
256,6
177,2
246,6
351,6
136,8
194,6
245,4
175,2
64,4
357,16
229,2
3,2
296,6
301,2
56,2
365,2
13,6
201,8
316,6
267,2
16,8
208,2
79,6
189,8
92,2
367,4
286,6
341,2
191,4
197,6
292,2
229,8
263,1
8,2
322,2
349,2
32,2
244,6
135,6
125,2
59,6
7,20
36,2
150,8
292,1
263,2
129,2
169,6
269,6
335,2
134,2
154,12
274,28
4,4
125,1
172,1
78,2
338,8
170,8
245,1
316,2
280,8
168,2
182,2
239,4
10,2
256,1
253,2
339,2
286,6
227,2
74,12
72,2
5,2
134,4
76,10
312,2
115,10
137,6
57,6
30,1
343,1
244,1
326,2
358,4
201,2
265,2
97,2
100,2
172,2
79,18
4,8
109,3
141,2
136,4
169,8
13,2
32,2
341,6
193,6
312,2
267,2
321,2
272,2
367,4
326,6
62,2
134,2
108,6
265,2
97,2
214,14
269,1
310,2
13,2
125,2
256,4
3,6
34,2
72,2
358,1
61,10
134,6
357,4
154,6
265,8
16,4
59,2
367,1
114,16
358,6
334,4
115,4
88,6
292,4
30,4
182,6
109,4
74,3
169,1
133,10
341,8
76,12
197,2
43,4
198,2
357,6
193,4
125,17
59,10
321,2
196,1
246,2
74,2
310,2
197,6
280,2
7,2
30,4
136,8
326,1
72,8
358,1
240,6
183,2
88,10
34,2
306,1
310,1
326,2
312,4
244,4
321,6
79,2
43,14
198,6
85,2
183,2
280,2
229,2
296,2
115,2
16,2
274,8
256,1
1,12
186,2
154,2
312,6
265,4
59,4
266,12
90,10
13,2
23,18
197,4
310,2
176,2
97,1
296,2
198,10
169,2
13,2
341,8
59,2
141,4
176,4
240,2
312,4
310,4
169,2
76,2
154,8
59,10
72,2
85,2
266,2
341,4
191,8
296,2
186,2
269,2
115,2
59,2
