246,6
214,42
549,42
690,6
3,6
219,2
119,4
613,1
150,6
43,2
613,2
219,16
690,2
478,4
74,4
13,8
3,12
119,10
478,8
636,1
312,12
617,2
636,5
639,14
165,6
254,16
358,12
617,4
119,2
500,10
651,2
74,4
119,1
299,1
636,10
478,7
542,2
219,14
214,1
299,2
8,8
549,4
545,1
522,4
208,12
545,6
119,4
176,2
240,4
478,2
637,20
542,4
358,3
283,2
608,8
154,4
694,10
690,1
265,1
10,1
8,12
569,4
478,2
639,8
119,10
690,8
419,12
704,18
500,8
545,22
636,6
13,2
522,12
240,2
561,2
214,4
542,4
219,2
451,10
401,2
694,16
423,4
3,6
10,6
590,3
129,16
227,6
74,4
265,2
478,4
208,6
617,8
219,4
690,6
8,2
312,4
590,2
608,28
470,4
120,2
265,6
214,6
239,2
219,1
296,1
313,2
569,6
358,6
10,8
419,2
296,2
427,2
120,4
227,6
561,4
637,2
3,4
74,6
478,4
704,8
299,6
176,8
401,4
214,2
617,2
542,6
522,12
613,2
419,2
437,2
246,2
496,4
451,8
357,4
265,12
561,6
477,1
423,8
214,1
545,3
358,2
274,2
549,2
509,2
569,32
227,12
74,8
401,2
694,6
119,4
10,8
90,10
129,4
358,4
549,1
3,4
690,4
427,2
401,2
154,4
477,4
637,2
549,6
542,2
500,4
299,2
312,4
561,2
478,6
274,2
423,2
639,2
545,2
150,4
219,6
590,4
509,6
263,8
120,6
451,2
357,4
208,4
617,2
704,6
613,2
250,8
203,8
246,4
306,14
313,2
13,2
240,2
274,1
694,20
423,8
445,22
690,4
367,1
283,2
358,2
32,6
561,1
274,2
591,10
10,2
227,1
208,9
38,4
82,6
299,2
367,2
357,10
137,4
617,6
119,8
509,2
74,4
176,26
274,2
545,2
2,2
427,4
608,2
129,8
401,2
312,4
32,7
38,4
437,10
246,8
509,4
227,1
459,2
13,4
554,2
639,12
545,4
704,16
82,1
1,31
219,1
296,4
227,10
561,2
478,2
137,22
159,4
90,2
367,2
74,2
401,8
175,4
265,4
69,14
150,2
203,4
78,8
459,2
310,2
428,4
478,2
47,10
355,2
306,4
367,2
170,8
365,2
357,4
274,16
423,17
208,4
506,2
335,4
478,4
321,16
214,2
150,2
522,4
437,2
74,1
459,2
358,1
265,2
100,2
694,2
637,6
542,6
3,10
690,1
10,8
129,1
13,4
639,1
506,2
126,2
306,4
82,2
90,2
99,4
365,2
358,4
220,2
311,6
214,12
549,4
617,2
150,8
43,8
34,2
608,8
159,4
227,2
302,12
134,6
265,4
477,22
171,8
591,6
119,4
613,2
437,12
246,4
254,2
13,10
312,10
256,4
208,4
445,4
99,2
61,12
220,12
401,1
428,2
175,6
183,2
478,4
100,4
88,6
542,4
313,2
651,4
74,8
459,2
637,3
617,6
246,82
367,4
569,4
170,2
401,1
64,8
30,2
208,6
355,4
3,1
150,1
43,2
590,4
509,1
82,1
90,1
478,1
335,6
62,10
134,10
401,6
125,1
155,4
177,4
423,8
637,8
3,2
119,2
10,2
613,20
419,8
321,1
697,2
90,2
170,4
5,4
428,4
341,8
175,1
137,6
100,6
125,4
229,2
311,2
639,4
10,3
313,2
569,8
176,6
694,2
36,6
355,2
549,4
119,2
459,2
13,1
23,6
175,2
274,4
177,6
57,2
208,8
321,2
617,6
150,20
263,1
220,27
163,3
159,2
129,2
74,4
13,2
302,2
61,12
201,6
32,2
154,2
561,10
125,4
694,2
47,2
636,4
56,4
136,4
310,4
5,18
428,2
312,2
69,8
229,4
30,4
182,6
637,8
214,10
3,2
119,4
704,2
590,1
38,1
519,6
163,6
129,10
227,2
335,4
302,16
64,2
274,1
155,8
321,8
34,4
651,4
253,18
169,10
357,8
154,12
312,2
265,16
554,2
137,2
477,12
274,2
355,6
263,2
227,2
229,2
30,4
208,8
266,2
38,2
496,2
78,2
636,2
428,10
68,8
267,2
274,2
36,6
182,6
419,2
519,8
56,8
176,15
88,2
694,2
47,2
229,24
38,2
286,10
310,10
335,2
61,10
30,2
214,6
183,36
64,4
267,10
137,4
155,2
47,4
160,2
177,2
119,2
38,8
322,2
129,5
136,6
561,6
135,2
125,2
36,2
30,2
208,4
266,6
311,6
442,2
78,4
196,2
335,12
13,2
23,6
88,8
155,8
313,2
90,4
100,2
119,1
168,5
120,6
99,34
129,2
13,12
302,4
186,8
401,2
201,4
357,28
154,1
312,2
265,2
69,4
135,22
378,2
68,2
171,14
208,1
182,4
150,6
10,2
313,1
266,1
296,2
253,2
136,6
227,4
154,6
137,6
47,8
208,4
214,2
306,1
114,8
196,2
176,2
5,2
220,8
267,4
57,2
30,2
119,4
219,6
313,4
253,37
302,10
61,3
201,12
341,10
312,4
88,2
177,4
266,8
182,4
2,2
8,1
78,8
286,6
69,16
97,2
36,2
30,2
239,4
3,4
150,4
10,14
120,1
299,2
134,2
267,2
57,2
208,2
313,2
227,2
74,2
186,6
64,4
274,2
36,16
177,6
30,3
311,2
219,2
90,2
1,2
114,8
13,4
23,2
61,1
312,8
267,8
100,2
292,2
47,4
256,2
168,1
208,4
214,3
88,1
219,1
109,10
254,4
351,1
56,2
129,4
286,2
61,4
220,8
97,4
68,2
172,1
229,6
168,2
355,4
3,2
90,1
358,1
341,5
378,1
306,1
351,4
136,12
62,2
134,2
100,4
274,18
172,8
256,6
171,10
182,6
311,4
214,2
186,1
3,1
126,2
306,10
367,8
227,2
201,12
177,10
219,2
147,1
90,9
299,4
326,4
191,1
125,10
155,2
47,6
214,16
3,4
114,1
43,1
283,4
147,1
23,6
134,4
191,4
64,6
280,4
266,4
311,6
114,61
198,2
129,2
227,2
193,2
135,14
378,2
100,4
165,1
109,2
120,4
169,16
335,4
312,8
97,4
88,1
229,2
355,2
10,4
198,1
326,1
47,3
36,1
165,2
299,2
367,2
176,12
334,2
62,2
186,2
220,4
321,2
266,8
4,2
272,4
203,2
126,4
56,12
136,16
326,2
365,1
133,8
175,16
357,6
378,6
68,32
267,2
100,6
177,8
168,8
57,1
30,6
3,8
62,1
4,1
91,14
365,6
23,2
64,4
193,2
69,10
57,2
219,2
90,1
195,2
299,2
326,2
62,6
292,2
120,6
367,2
310,4
193,10
267,4
155,4
47,20
256,6
208,2
195,6
126,2
358,6
201,6
64,34
197,4
97,2
125,1
280,6
172,2
171,1
150,14
365,1
168,1
239,1
367,16
237,10
186,2
244,2
378,14
125,4
292,4
171,2
177,4
57,4
214,2
203,2
8,12
253,2
28,1
365,6
72,8
302,2
183,18
357,1
135,8
21,4
100,2
30,2
3,2
134,1
256,1
109,10
263,14
326,1
227,2
74,2
220,4
357,6
154,8
265,14
244,8
274,12
36,1
171,4
168,8
208,2
321,16
214,6
155,1
30,1
351,2
326,2
186,9
201,6
88,6
36,6
229,2
256,4
182,2
10,2
246,8
129,10
136,6
227,4
335,1
358,10
226,1
175,8
16,8
59,2
57,4
43,2
171,1
313,4
335,2
226,14
134,6
133,4
197,2
115,4
155,4
172,2
72,9
203,8
198,2
365,4
5,4
302,2
69,4
135,8
137,4
30,8
3,2
88,7
272,4
56,4
170,4
310,2
154,20
100,4
172,8
7,6
43,2
286,3
165,2
351,4
99,2
237,2
334,2
133,2
357,2
76,2
193,2
97,2
378,1
292,8
168,8
266,1
182,8
310,1
246,32
306,2
91,12
196,2
136,4
365,2
335,2
61,4
186,4
134,2
220,4
201,10
341,2
244,4
378,8
274,12
155,2
214,8
150,2
119,2
34,12
272,1
299,2
56,12
237,26
13,14
358,2
302,4
334,2
265,12
197,2
21,8
100,2
239,4
88,13
131,4
263,4
78,2
326,6
72,10
134,4
135,6
97,4
280,8
59,2
36,8
229,2
321,2
109,2
306,2
159,2
90,4
227,2
44,7
244,20
125,2
47,2
254,2
299,1
272,6
367,2
310,2
5,2
302,1
133,10
85,2
100,8
296,1
220,1
131,10
126,2
351,6
99,4
227,2
74,16
170,10
302,2
226,2
134,2
197,6
7,2
355,2
214,2
325,2
159,2
1,2
367,1
365,2
201,6
267,2
125,2
229,2
171,34
30,4
269,1
239,1
313,2
254,18
367,2
196,2
326,2
227,2
44,2
341,1
68,12
16,4
274,2
57,2
182,2
214,2
43,2
72,7
82,2
91,10
136,12
176,2
341,18
312,10
265,10
135,8
137,10
155,4
280,2
7,2
36,8
229,2
208,2
311,2
34,2
198,1
351,2
56,2
13,2
193,8
97,4
88,24
274,2
172,8
168,20
150,4
7,5
195,4
269,2
85,2
245,2
175,4
100,6
229,2
321,2
313,6
56,4
129,22
335,10
76,6
155,16
280,2
34,16
198,2
72,2
85,6
97,6
30,2
99,2
326,8
302,4
186,4
115,4
135,8
21,2
7,4
177,4
79,4
3,2
91,1
176,1
265,7
292,2
229,2
57,6
182,8
99,1
13,3
92,6
198,4
114,4
91,6
322,2
61,16
220,2
154,4
68,4
267,2
172,12
256,1
30,4
321,2
343,2
97,1
363,4
296,8
313,2
272,2
237,2
175,4
115,8
292,2
256,6
246,6
351,6
56,1
136,6
365,2
194,4
220,10
245,4
64,2
357,14
267,2
208,2
79,8
62,1
292,2
131,2
313,1
114,10
367,4
56,2
13,14
201,8
265,8
316,4
16,8
57,2
267,7
208,1
363,4
82,6
159,4
322,2
32,4
191,2
197,4
135,6
125,4
292,2
7,20
150,4
365,2
269,8
335,2
244,4
274,10
59,2
4,4
338,8
227,4
170,8
169,2
245,2
115,1
137,8
155,2
280,6
168,2
239,2
10,2
59,1
109,2
253,2
339,2
74,10
72,2
334,8
134,2
76,10
312,2
115,16
88,4
292,2
57,6
30,2
79,1
150,2
169,11
367,8
326,2
186,2
32,4
183,1
97,2
321,4
4,8
109,4
141,2
136,4
341,6
193,6
154,2
265,4
267,2
79,16
214,16
339,4
272,2
62,2
108,6
97,2
34,4
322,2
326,4
176,2
61,12
125,2
256,4
3,6
269,4
72,2
358,10
357,4
154,6
265,8
16,4
182,8
355,2
114,16
334,4
88,6
274,12
292,6
30,4
109,4
74,6
170,2
133,10
341,8
76,12
197,2
43,4
176,1
198,2
357,6
193,4
125,18
59,5
246,2
197,6
280,2
7,2
30,4
136,8
170,2
365,1
72,8
240,6
183,2
265,1
88,12
358,1
321,7
326,2
312,4
244,4
59,4
79,2
43,14
198,6
85,2
183,2
280,2
229,2
296,2
115,2
16,2
274,10
256,1
1,12
186,2
312,6
265,4
97,2
59,4
266,12
136,10
13,2
183,2
197,4
310,2
176,2
23,16
296,2
198,1
169,2
13,2
341,8
59,2
197,1
198,8
141,2
176,4
240,2
312,4
43,2
310,4
169,2
76,2
154,8
59,4
72,2
85,2
266,2
341,4
191,8
43,2
59,4
296,2
186,2
269,2
115,2
59,2
